#type	charge(e)	radius(A)	epsilon(kJ.mol-1)	mass(Da)	transferIMP(kJ.mol-1.A-2
AC	0.5973	1.908	0.086	12.01	-0.0134
ACA	0.0337	1.908	0.1094	12.01	-0.105
ACB	-0.1825	1.908	0.1094	12.01	-0.105
AH	0.2719	0.6	0.0157	1.008	0.0362
AHA	0.0823	1.387	0.0157	1.008	-0.0397
AHB1	0.0603	1.487	0.0157	1.008	-0.0397
AHB2	0.0603	1.487	0.0157	1.008	-0.0397
AHB3	0.0603	1.487	0.0157	1.008	-0.0397
AN	-0.4157	1.824	0.17	14.01	0.112
AO	-0.5679	1.6612	0.21	16.0	0.0403
CC	0.5973	1.908	0.086	12.01	-0.0134
CCA	0.0213	1.908	0.1094	12.01	-0.105
CCB	-0.1231	1.908	0.1094	12.01	-0.105
CH	0.2719	0.6	0.0157	1.008	0.0362
CHA	0.1124	1.387	0.0157	1.008	-0.0397
CHB2	0.1112	1.387	0.0157	1.008	-0.0397
CHB3	0.1112	1.387	0.0157	1.008	-0.0397
CHG	0.1933	0.6	0.0157	1.008	0.0362
CN	-0.4157	1.824	0.17	14.01	0.112
CO	-0.5679	1.6612	0.21	16.0	0.0403
CSG	-0.3119	2.0	0.25	32.06	-0.108
DC	0.5366	1.908	0.086	12.01	-0.0134
DCA	0.0381	1.908	0.1094	12.01	-0.105
DCB	-0.0303	1.908	0.1094	12.01	-0.105
DCG	0.7994	1.908	0.086	12.01	-0.0134
DH	0.2936	0.6	0.0157	1.008	0.0362
DHA	0.088	1.387	0.0157	1.008	-0.0397
DHB2	-0.0122	1.487	0.0157	1.008	-0.0397
DHB3	-0.0122	1.487	0.0157	1.008	-0.0397
DN	-0.5163	1.824	0.17	14.01	0.112
DO	-0.5819	1.6612	0.21	16.0	0.0403
DOD1	-0.8014	1.6612	0.21	16.0	0.0403
DOD2	-0.8014	1.6612	0.21	16.0	0.0403
EC	0.5366	1.908	0.086	12.01	-0.0134
ECA	0.0397	1.908	0.1094	12.01	-0.105
ECB	0.056	1.908	0.1094	12.01	-0.105
ECD	0.8054	1.908	0.086	12.01	-0.0134
ECG	0.0136	1.908	0.1094	12.01	-0.105
EH	0.2936	0.6	0.0157	1.008	0.0362
EHA	0.1105	1.387	0.0157	1.008	-0.0397
EHB2	-0.0173	1.487	0.0157	1.008	-0.0397
EHB3	-0.0173	1.487	0.0157	1.008	-0.0397
EHG2	-0.0425	1.487	0.0157	1.008	-0.0397
EHG3	-0.0425	1.487	0.0157	1.008	-0.0397
EN	-0.5163	1.824	0.17	14.01	0.112
EO	-0.5819	1.6612	0.21	16.0	0.0403
EOE1	-0.8188	1.6612	0.21	16.0	0.0403
EOE2	-0.8188	1.6612	0.21	16.0	0.0403
FC	0.5973	1.908	0.086	12.01	-0.0134
FCA	-0.0024	1.908	0.1094	12.01	-0.105
FCB	-0.0343	1.908	0.1094	12.01	-0.105
FCD1	-0.1256	1.908	0.086	12.01	-0.0134
FCD2	-0.1256	1.908	0.086	12.01	-0.0134
FCE1	-0.1704	1.908	0.086	12.01	-0.0134
FCE2	-0.1704	1.908	0.086	12.01	-0.0134
FCG	0.0118	1.908	0.086	12.01	-0.0134
FCZ	-0.1072	1.908	0.086	12.01	-0.0134
FH	0.2719	0.6	0.0157	1.008	0.0362
FHA	0.0978	1.387	0.0157	1.008	-0.0397
FHB2	0.0295	1.487	0.0157	1.008	-0.0397
FHB3	0.0295	1.487	0.0157	1.008	-0.0397
FHD1	0.133	1.459	0.015	1.008	-0.0397
FHD2	0.133	1.459	0.015	1.008	-0.0397
FHE1	0.143	1.459	0.015	1.008	-0.0397
FHE2	0.143	1.459	0.015	1.008	-0.0397
FHZ	0.1297	1.459	0.015	1.008	-0.0397
FN	-0.4157	1.824	0.17	14.01	0.112
FO	-0.5679	1.6612	0.21	16.0	0.0403
GC	0.5973	1.908	0.086	12.01	-0.0134
GCA	-0.0252	1.908	0.1094	12.01	-0.105
GH	0.2719	0.6	0.0157	1.008	0.0362
GHA2	0.0698	1.387	0.0157	1.008	-0.0397
GHA3	0.0698	1.387	0.0157	1.008	-0.0397
GN	-0.4157	1.824	0.17	14.01	0.112
GO	-0.5679	1.6612	0.21	16.0	0.0403
HC	0.5973	1.908	0.086	12.01	-0.0134
HCA	0.0188	1.908	0.1094	12.01	-0.105
HCB	-0.0462	1.908	0.1094	12.01	-0.105
HCD2	0.1292	1.908	0.086	12.01	-0.0134
HCE1	0.2057	1.908	0.086	12.01	-0.0134
HCG	-0.0266	1.908	0.086	12.01	-0.0134
HH	0.2719	0.6	0.0157	1.008	0.0362
HHA	0.0881	1.387	0.0157	1.008	-0.0397
HHB2	0.0402	1.487	0.0157	1.008	-0.0397
HHB3	0.0402	1.487	0.0157	1.008	-0.0397
HHD1	0.3649	0.6	0.0157	1.008	0.0362
HHD2	0.1147	1.409	0.015	1.008	-0.0397
HHE1	0.1392	1.359	0.015	1.008	-0.0397
HN	-0.4157	1.824	0.17	14.01	0.112
HND1	-0.3811	1.824	0.17	14.01	0.112
HNE2	-0.5727	1.824	0.17	14.01	0.112
HO	-0.5679	1.6612	0.21	16.0	0.0403
IC	0.5973	1.908	0.086	12.01	-0.0134
ICA	-0.0597	1.908	0.1094	12.01	-0.105
ICB	0.1303	1.908	0.1094	12.01	-0.105
ICD1	-0.066	1.908	0.1094	12.01	-0.105
ICG1	-0.043	1.908	0.1094	12.01	-0.105
ICG2	-0.3204	1.908	0.1094	12.01	-0.105
IH	0.2719	0.6	0.0157	1.008	0.0362
IHA	0.0869	1.387	0.0157	1.008	-0.0397
IHB	0.0187	1.487	0.0157	1.008	-0.0397
IHD11	0.0186	1.487	0.0157	1.008	-0.0397
IHD12	0.0186	1.487	0.0157	1.008	-0.0397
IHD13	0.0186	1.487	0.0157	1.008	-0.0397
IHG12	0.0236	1.487	0.0157	1.008	-0.0397
IHG13	0.0236	1.487	0.0157	1.008	-0.0397
IHG21	0.0882	1.487	0.0157	1.008	-0.0397
IHG22	0.0882	1.487	0.0157	1.008	-0.0397
IHG23	0.0882	1.487	0.0157	1.008	-0.0397
IN	-0.4157	1.824	0.17	14.01	0.112
IO	-0.5679	1.6612	0.21	16.0	0.0403
KC	0.7341	1.908	0.086	12.01	-0.0134
KCA	-0.24	1.908	0.1094	12.01	-0.105
KCB	-0.0094	1.908	0.1094	12.01	-0.105
KCD	-0.0479	1.908	0.1094	12.01	-0.105
KCE	-0.0143	1.908	0.1094	12.01	-0.105
KCG	0.0187	1.908	0.1094	12.01	-0.105
KH	0.2747	0.6	0.0157	1.008	0.0362
KHA	0.1426	1.387	0.0157	1.008	-0.0397
KHB2	0.0362	1.487	0.0157	1.008	-0.0397
KHB3	0.0362	1.487	0.0157	1.008	-0.0397
KHD2	0.0621	1.487	0.0157	1.008	-0.0397
KHD3	0.0621	1.487	0.0157	1.008	-0.0397
KHE2	0.1135	1.1	0.0157	1.008	-0.0397
KHE3	0.1135	1.1	0.0157	1.008	-0.0397
KHG2	0.0103	1.487	0.0157	1.008	-0.0397
KHG3	0.0103	1.487	0.0157	1.008	-0.0397
KHZ1	0.34	0.6	0.0157	1.008	0.0362
KHZ2	0.34	0.6	0.0157	1.008	0.0362
KHZ3	0.34	0.6	0.0157	1.008	0.0362
KN	-0.3479	1.824	0.17	14.01	0.112
KNZ	-0.3854	1.824	0.17	14.01	0.112
KO	-0.5894	1.6612	0.21	16.0	0.0403
LC	0.5973	1.908	0.086	12.01	-0.0134
LCA	-0.0518	1.908	0.1094	12.01	-0.105
LCB	-0.1102	1.908	0.1094	12.01	-0.105
LCD1	-0.4121	1.908	0.1094	12.01	-0.105
LCD2	-0.4121	1.908	0.1094	12.01	-0.105
LCG	0.3531	1.908	0.1094	12.01	-0.105
LH	0.2719	0.6	0.0157	1.008	0.0362
LHA	0.0922	1.387	0.0157	1.008	-0.0397
LHB2	0.0457	1.487	0.0157	1.008	-0.0397
LHB3	0.0457	1.487	0.0157	1.008	-0.0397
LHD11	0.1	1.487	0.0157	1.008	-0.0397
LHD12	0.1	1.487	0.0157	1.008	-0.0397
LHD13	0.1	1.487	0.0157	1.008	-0.0397
LHD21	0.1	1.487	0.0157	1.008	-0.0397
LHD22	0.1	1.487	0.0157	1.008	-0.0397
LHD23	0.1	1.487	0.0157	1.008	-0.0397
LHG	-0.0361	1.487	0.0157	1.008	-0.0397
LN	-0.4157	1.824	0.17	14.01	0.112
LO	-0.5679	1.6612	0.21	16.0	0.0403
MC	0.5973	1.908	0.086	12.01	-0.0134
MCA	-0.0237	1.908	0.1094	12.01	-0.105
MCB	0.0342	1.908	0.1094	12.01	-0.105
MCE	-0.0536	1.908	0.1094	12.01	-0.105
MCG	0.0018	1.908	0.1094	12.01	-0.105
MH	0.2719	0.6	0.0157	1.008	0.0362
MHA	0.088	1.387	0.0157	1.008	-0.0397
MHB2	0.0241	1.487	0.0157	1.008	-0.0397
MHB3	0.0241	1.487	0.0157	1.008	-0.0397
MHE1	0.0684	1.387	0.0157	1.008	-0.0397
MHE2	0.0684	1.387	0.0157	1.008	-0.0397
MHE3	0.0684	1.387	0.0157	1.008	-0.0397
MHG2	0.044	1.387	0.0157	1.008	-0.0397
MHG3	0.044	1.387	0.0157	1.008	-0.0397
MN	-0.4157	1.824	0.17	14.01	0.112
MO	-0.5679	1.6612	0.21	16.0	0.0403
MSD	-0.2737	2.0	0.25	32.06	-0.108
NC	0.5973	1.908	0.086	12.01	-0.0134
NCA	0.0143	1.908	0.1094	12.01	-0.105
NCB	-0.2041	1.908	0.1094	12.01	-0.105
NCG	0.713	1.908	0.086	12.01	-0.0134
NH	0.2719	0.6	0.0157	1.008	0.0362
NHA	0.1048	1.387	0.0157	1.008	-0.0397
NHB2	0.0797	1.487	0.0157	1.008	-0.0397
NHB3	0.0797	1.487	0.0157	1.008	-0.0397
NHD21	0.4196	0.6	0.0157	1.008	0.0362
NHD22	0.4196	0.6	0.0157	1.008	0.0362
NN	-0.4157	1.824	0.17	14.01	0.112
NND2	-0.9191	1.824	0.17	14.01	0.112
NO	-0.5679	1.6612	0.21	16.0	0.0403
NOD1	-0.5931	1.6612	0.21	16.0	0.0403
PC	0.5896	1.908	0.086	12.01	-0.0134
PCA	-0.0266	1.908	0.1094	12.01	-0.105
PCB	-0.007	1.908	0.1094	12.01	-0.105
PCD	0.0192	1.908	0.1094	12.01	-0.105
PCG	0.0189	1.908	0.1094	12.01	-0.105
PHA	0.0641	1.387	0.0157	1.008	-0.0397
PHB2	0.0253	1.487	0.0157	1.008	-0.0397
PHB3	0.0253	1.487	0.0157	1.008	-0.0397
PHD2	0.0391	1.387	0.0157	1.008	-0.0397
PHD3	0.0391	1.387	0.0157	1.008	-0.0397
PHG2	0.0213	1.487	0.0157	1.008	-0.0397
PHG3	0.0213	1.487	0.0157	1.008	-0.0397
PN	-0.2548	1.824	0.17	14.01	0.112
PO	-0.5748	1.6612	0.21	16.0	0.0403
QC	0.5973	1.908	0.086	12.01	-0.0134
QCA	-0.0031	1.908	0.1094	12.01	-0.105
QCB	-0.0036	1.908	0.1094	12.01	-0.105
QCD	0.6951	1.908	0.086	12.01	-0.0134
QCG	-0.0645	1.908	0.1094	12.01	-0.105
QH	0.2719	0.6	0.0157	1.008	0.0362
QHA	0.085	1.387	0.0157	1.008	-0.0397
QHB2	0.0171	1.487	0.0157	1.008	-0.0397
QHB3	0.0171	1.487	0.0157	1.008	-0.0397
QHE21	0.4251	0.6	0.0157	1.008	0.0362
QHE22	0.4251	0.6	0.0157	1.008	0.0362
QHG2	0.0352	1.487	0.0157	1.008	-0.0397
QHG3	0.0352	1.487	0.0157	1.008	-0.0397
QN	-0.4157	1.824	0.17	14.01	0.112
QNE2	-0.9407	1.824	0.17	14.01	0.112
QO	-0.5679	1.6612	0.21	16.0	0.0403
QOE1	-0.6086	1.6612	0.21	16.0	0.0403
RC	0.7341	1.908	0.086	12.01	-0.0134
RCA	-0.2637	1.908	0.1094	12.01	-0.105
RCB	-0.0007	1.908	0.1094	12.01	-0.105
RCD	0.0486	1.908	0.1094	12.01	-0.105
RCG	0.039	1.908	0.1094	12.01	-0.105
RCZ	0.8076	1.908	0.086	12.01	-0.0134
RH	0.2747	0.6	0.0157	1.008	0.0362
RHA	0.156	1.387	0.0157	1.008	-0.0397
RHB2	0.0327	1.487	0.0157	1.008	-0.0397
RHB3	0.0327	1.487	0.0157	1.008	-0.0397
RHD2	0.0687	1.387	0.0157	1.008	-0.0397
RHD3	0.0687	1.387	0.0157	1.008	-0.0397
RHE	0.3456	0.6	0.0157	1.008	0.0362
RHG2	0.0285	1.487	0.0157	1.008	-0.0397
RHG3	0.0285	1.487	0.0157	1.008	-0.0397
RHH11	0.4478	0.6	0.0157	1.008	0.0362
RHH12	0.4478	0.6	0.0157	1.008	0.0362
RHH21	0.4478	0.6	0.0157	1.008	0.0362
RHH22	0.4478	0.6	0.0157	1.008	0.0362
RN	-0.3479	1.824	0.17	14.01	0.112
RNE	-0.5295	1.824	0.17	14.01	0.112
RNH1	-0.8627	1.824	0.17	14.01	0.112
RNH2	-0.8627	1.824	0.17	14.01	0.112
RO	-0.5894	1.6612	0.21	16.0	0.0403
SC	0.5973	1.908	0.086	12.01	-0.0134
SCA	-0.0249	1.908	0.1094	12.01	-0.105
SCB	0.2117	1.908	0.1094	12.01	-0.105
SH	0.2719	0.6	0.0157	1.008	0.0362
SHA	0.0843	1.387	0.0157	1.008	-0.0397
SHB2	0.0352	1.387	0.0157	1.008	-0.0397
SHB3	0.0352	1.387	0.0157	1.008	-0.0397
SHG	0.4275	0.0	0.0	1.008	0.0362
SN	-0.4157	1.824	0.17	14.01	0.112
SO	-0.5679	1.6612	0.21	16.0	0.0403
SOG	-0.6546	1.721	0.2104	16.0	0.0403
TC	0.5973	1.908	0.086	12.01	-0.0134
TCA	-0.0389	1.908	0.1094	12.01	-0.105
TCB	0.3654	1.908	0.1094	12.01	-0.105
TCG2	-0.2438	1.908	0.1094	12.01	-0.105
TH	0.2719	0.6	0.0157	1.008	0.0362
THA	0.1007	1.387	0.0157	1.008	-0.0397
THB	0.0043	1.387	0.0157	1.008	-0.0397
THG1	0.4102	0.0	0.0	1.008	0.0362
THG21	0.0642	1.487	0.0157	1.008	-0.0397
THG22	0.0642	1.487	0.0157	1.008	-0.0397
THG23	0.0642	1.487	0.0157	1.008	-0.0397
TN	-0.4157	1.824	0.17	14.01	0.112
TO	-0.5679	1.6612	0.21	16.0	0.0403
TOG1	-0.6761	1.721	0.2104	16.0	0.0403
VC	0.5973	1.908	0.086	12.01	-0.0134
VCA	-0.0875	1.908	0.1094	12.01	-0.105
VCB	0.2985	1.908	0.1094	12.01	-0.105
VCG1	-0.3192	1.908	0.1094	12.01	-0.105
VCG2	-0.3192	1.908	0.1094	12.01	-0.105
VH	0.2719	0.6	0.0157	1.008	0.0362
VHA	0.0969	1.387	0.0157	1.008	-0.0397
VHB	-0.0297	1.487	0.0157	1.008	-0.0397
VHG11	0.0791	1.487	0.0157	1.008	-0.0397
VHG12	0.0791	1.487	0.0157	1.008	-0.0397
VHG13	0.0791	1.487	0.0157	1.008	-0.0397
VHG21	0.0791	1.487	0.0157	1.008	-0.0397
VHG22	0.0791	1.487	0.0157	1.008	-0.0397
VHG23	0.0791	1.487	0.0157	1.008	-0.0397
VN	-0.4157	1.824	0.17	14.01	0.112
VO	-0.5679	1.6612	0.21	16.0	0.0403
WC	0.5973	1.908	0.086	12.01	-0.0134
WCA	-0.0275	1.908	0.1094	12.01	-0.105
WCB	-0.005	1.908	0.1094	12.01	-0.105
WCD1	-0.1638	1.908	0.086	12.01	-0.0134
WCD2	0.1243	1.908	0.086	12.01	-0.0134
WCE2	0.138	1.908	0.086	12.01	-0.0134
WCE3	-0.2387	1.908	0.086	12.01	-0.0134
WCG	-0.1415	1.908	0.086	12.01	-0.0134
WCH2	-0.1134	1.908	0.086	12.01	-0.0134
WCZ2	-0.2601	1.908	0.086	12.01	-0.0134
WCZ3	-0.1972	1.908	0.086	12.01	-0.0134
WH	0.2719	0.6	0.0157	1.008	0.0362
WHA	0.1123	1.387	0.0157	1.008	-0.0397
WHB2	0.0339	1.487	0.0157	1.008	-0.0397
WHB3	0.0339	1.487	0.0157	1.008	-0.0397
WHD1	0.2062	1.409	0.015	1.008	-0.0397
WHE1	0.3412	0.6	0.0157	1.008	0.0362
WHE3	0.17	1.459	0.015	1.008	-0.0397
WHH2	0.1417	1.459	0.015	1.008	-0.0397
WHZ2	0.1572	1.459	0.015	1.008	-0.0397
WHZ3	0.1447	1.459	0.015	1.008	-0.0397
WN	-0.4157	1.824	0.17	14.01	0.112
WNE1	-0.3418	1.824	0.17	14.01	0.112
WO	-0.5679	1.6612	0.21	16.0	0.0403
YC	0.5973	1.908	0.086	12.01	-0.0134
YCA	-0.0014	1.908	0.1094	12.01	-0.105
YCB	-0.0152	1.908	0.1094	12.01	-0.105
YCD1	-0.1906	1.908	0.086	12.01	-0.0134
YCD2	-0.1906	1.908	0.086	12.01	-0.0134
YCE1	-0.2341	1.908	0.086	12.01	-0.0134
YCE2	-0.2341	1.908	0.086	12.01	-0.0134
YCZ	0.3226	1.908	0.086	12.01	-0.0134
YH	0.2719	0.6	0.0157	1.008	0.0362
YHA	0.0876	1.387	0.0157	1.008	-0.0397
YHB2	0.0295	1.487	0.0157	1.008	-0.0397
YHB3	0.0295	1.487	0.0157	1.008	-0.0397
YHD1	0.1699	1.459	0.015	1.008	-0.0397
YHD2	0.1699	1.459	0.015	1.008	-0.0397
YHE1	0.1656	1.459	0.015	1.008	-0.0397
YHE2	0.1656	1.459	0.015	1.008	-0.0397
YHH	0.3992	0.0	0.0	1.008	0.0362
YN	-0.4157	1.824	0.17	14.01	0.112
YO	-0.5679	1.6612	0.21	16.0	0.0403
YOH	-0.5579	1.721	0.2104	16.0	0.0403
YYCG	-0.0011	1.908	0.086	12.01	-0.0134
